export const experiences = [

  {
    id: "private-sailing",

    title: "Private Sailing",

    category: "sea",

    basePrice: 1200,

    moods: [
      "Romantic",
      "Relaxed",
      "Authentic",
      "Cinematic",
    ],

    familyFriendly: true,

    minBudget: 1000,

    heroImage:
      "https://images.pexels.com/photos/35030771/pexels-photo-35030771.jpeg",

    gallery: {

      Romantic: [

        "https://images.unsplash.com/photo-1507525428034-b723cf961d3e?q=80&w=1200",

        "https://images.unsplash.com/photo-1493558103817-58b2924bce98?q=80&w=1200",

        "https://images.unsplash.com/photo-1512100356356-de1b84283e18?q=80&w=1200",
      ],

      Relaxed: [

        "https://images.unsplash.com/photo-1500375592092-40eb2168fd21?q=80&w=1200",

        "https://images.unsplash.com/photo-1506744038136-46273834b3fb?q=80&w=1200",

        "https://images.unsplash.com/photo-1519046904884-53103b34b206?q=80&w=1200",
      ],

      Authentic: [

        "https://images.unsplash.com/photo-1521295121783-8a321d551ad2?q=80&w=1200",

        "https://images.unsplash.com/photo-1507525428034-b723cf961d3e?q=80&w=1200",

        "https://images.unsplash.com/photo-1493558103817-58b2924bce98?q=80&w=1200",
      ],

      Cinematic: [

        "https://images.unsplash.com/photo-1506744038136-46273834b3fb?q=80&w=1200",

        "https://images.unsplash.com/photo-1500375592092-40eb2168fd21?q=80&w=1200",

        "https://images.unsplash.com/photo-1493558103817-58b2924bce98?q=80&w=1200",
      ],
    },

    description:
      "A private sailing journey across the Gulf of Poets with hidden coves and Mediterranean atmosphere.",

    score: 90,
  },

  {
    id: "luxury-yachting",

    title: "Luxury Yachting",

    category: "luxury",

    basePrice: 4200,

    moods: [
      "Luxury",
      "Cinematic",
      "Relaxed",
    ],

    familyFriendly: true,

    minBudget: 3000,

    heroImage:
      "https://images.unsplash.com/photo-1569263979104-865ab7cd8d13?q=80&w=2070",

    gallery: {

      Luxury: [

        "https://images.unsplash.com/photo-1567899378494-47b22a2ae96a?q=80&w=1200",

        "https://images.unsplash.com/photo-1493558103817-58b2924bce98?q=80&w=1200",

        "https://images.unsplash.com/photo-1519046904884-53103b34b206?q=80&w=1200",
      ],

      Cinematic: [

        "https://images.unsplash.com/photo-1507525428034-b723cf961d3e?q=80&w=1200",

        "https://images.unsplash.com/photo-1493558103817-58b2924bce98?q=80&w=1200",

        "https://images.unsplash.com/photo-1500375592092-40eb2168fd21?q=80&w=1200",
      ],

      Relaxed: [

        "https://images.unsplash.com/photo-1506744038136-46273834b3fb?q=80&w=1200",

        "https://images.unsplash.com/photo-1519046904884-53103b34b206?q=80&w=1200",

        "https://images.unsplash.com/photo-1500375592092-40eb2168fd21?q=80&w=1200",
      ],
    },

    description:
      "A luxury yacht experience designed for exclusive Riviera moments.",

    score: 95,
  },

  {
    id: "underwater-adventure",

    title: "Underwater Adventure",

    category: "adventure",

    basePrice: 950,

    moods: [
      "Adventure",
      "Authentic",
    ],

    familyFriendly: false,

    minBudget: 1000,

    heroImage:
      "https://images.unsplash.com/photo-1544551763-46a013bb70d5?q=80&w=2070",

    gallery: {

      Adventure: [

        "https://images.unsplash.com/photo-1544551763-46a013bb70d5?q=80&w=1200",

        "https://images.unsplash.com/photo-1522163182402-834f871fd851?q=80&w=1200",

        "https://images.unsplash.com/photo-1507525428034-b723cf961d3e?q=80&w=1200",
      ],

      Authentic: [

        "https://images.unsplash.com/photo-1521295121783-8a321d551ad2?q=80&w=1200",

        "https://images.unsplash.com/photo-1544551763-46a013bb70d5?q=80&w=1200",

        "https://images.unsplash.com/photo-1500375592092-40eb2168fd21?q=80&w=1200",
      ],
    },

    description:
      "Explore hidden underwater worlds and crystal-clear Mediterranean waters.",

    score: 88,
  },

  {
    id: "countryside-escape",

    title: "Countryside Escape",

    category: "nature",

    basePrice: 700,

    moods: [
      "Relaxed",
      "Authentic",
      "Family",
    ],

    familyFriendly: true,

    minBudget: 500,

    heroImage:
      "https://images.unsplash.com/photo-1506744038136-46273834b3fb?q=80&w=2070",

    gallery: {

      Relaxed: [

        "https://images.unsplash.com/photo-1506744038136-46273834b3fb?q=80&w=1200",

        "https://images.unsplash.com/photo-1500375592092-40eb2168fd21?q=80&w=1200",

        "https://images.unsplash.com/photo-1519046904884-53103b34b206?q=80&w=1200",
      ],

      Authentic: [

        "https://images.unsplash.com/photo-1521295121783-8a321d551ad2?q=80&w=1200",

        "https://images.unsplash.com/photo-1506744038136-46273834b3fb?q=80&w=1200",

        "https://images.unsplash.com/photo-1493558103817-58b2924bce98?q=80&w=1200",
      ],

      Family: [

        "https://images.unsplash.com/photo-1519046904884-53103b34b206?q=80&w=1200",

        "https://images.unsplash.com/photo-1500375592092-40eb2168fd21?q=80&w=1200",

        "https://images.unsplash.com/photo-1506744038136-46273834b3fb?q=80&w=1200",
      ],
    },

    description:
      "Slow countryside experiences surrounded by Ligurian landscapes and local culture.",

    score: 75,
  },

  {
    id: "gourmet-escape",

    title: "Gourmet Escape",

    category: "food",

    basePrice: 1100,

    moods: [
      "Romantic",
      "Authentic",
      "Relaxed",
      "Luxury",
    ],

    familyFriendly: true,

    minBudget: 1000,

    heroImage:
      "https://images.unsplash.com/photo-1414235077428-338989a2e8c0?q=80&w=2070",

    gallery: {

      Romantic: [

        "https://images.unsplash.com/photo-1414235077428-338989a2e8c0?q=80&w=1200",

        "https://images.unsplash.com/photo-1495474472287-4d71bcdd2085?q=80&w=1200",

        "https://images.unsplash.com/photo-1517248135467-4c7edcad34c4?q=80&w=1200",
      ],

      Authentic: [

        "https://images.unsplash.com/photo-1521295121783-8a321d551ad2?q=80&w=1200",

        "https://images.unsplash.com/photo-1414235077428-338989a2e8c0?q=80&w=1200",

        "https://images.unsplash.com/photo-1495474472287-4d71bcdd2085?q=80&w=1200",
      ],

      Relaxed: [

        "https://images.unsplash.com/photo-1517248135467-4c7edcad34c4?q=80&w=1200",

        "https://images.unsplash.com/photo-1495474472287-4d71bcdd2085?q=80&w=1200",

        "https://images.unsplash.com/photo-1414235077428-338989a2e8c0?q=80&w=1200",
      ],

      Luxury: [

        "https://images.unsplash.com/photo-1517248135467-4c7edcad34c4?q=80&w=1200",

        "https://images.unsplash.com/photo-1495474472287-4d71bcdd2085?q=80&w=1200",

        "https://images.unsplash.com/photo-1414235077428-338989a2e8c0?q=80&w=1200",
      ],
    },

    description:
      "Exclusive food and wine experiences inspired by the Italian Riviera lifestyle.",

    score: 92,
  },

  {
    id: "outdoor-adventure",

    title: "Outdoor Adventure",

    category: "adventure",

    basePrice: 800,

    moods: [
      "Adventure",
      "Authentic",
    ],

    familyFriendly: false,

    minBudget: 500,

    heroImage:
      "https://images.unsplash.com/photo-1522163182402-834f871fd851?q=80&w=2070",

    gallery: {

      Adventure: [

        "https://images.unsplash.com/photo-1522163182402-834f871fd851?q=80&w=1200",

        "https://images.unsplash.com/photo-1507525428034-b723cf961d3e?q=80&w=1200",

        "https://images.unsplash.com/photo-1544551763-46a013bb70d5?q=80&w=1200",
      ],

      Authentic: [

        "https://images.unsplash.com/photo-1521295121783-8a321d551ad2?q=80&w=1200",

        "https://images.unsplash.com/photo-1522163182402-834f871fd851?q=80&w=1200",

        "https://images.unsplash.com/photo-1500375592092-40eb2168fd21?q=80&w=1200",
      ],
    },

    description:
      "Outdoor exploration experiences including trekking and nature activities.",

    score: 80,
  },

];